434 406 472 406 472 429 434 429 drink-cans 0
381 400 418 400 418 431 381 431 drink-cans 0
93 371 171 371 171 405 93 405 styrofoam 0
577 433 620 433 620 465 577 465 cups 0
527 434 570 434 570 466 527 466 drink-cans 0
377 427 438 427 438 459 377 459 drink-cans 0
241 423 318 423 318 468 241 468 drink-packets 0
588 468 626 468 626 509 588 509 bottle 0
177 459 264 459 264 521 177 521 drink-cans 0
0 446 18 446 18 505 0 505 drink-cans 0
184.60288444213802 437.5834243363758 166.1571059999551 402.894773000003 214.32646314249723 377.28379918873486 232.77227312784817 411.9721644853646 drink-cans 0
297.18176599999424 388.34610000000816 315.5708884582418 373.93341568246046 346.5270774536475 413.42575034564646 328.1380502574757 427.8383265709135 bottle 0
155.5650415706623 437.8328270097223 140.25371660587552 477.8811843158541 66.47303100056888 449.676966000006 81.78456824614841 409.6291434669753 drink-cans 0
528.1922560736712 574.9100942462528 450.46365412570594 518.0557385054886 513.7039495476347 431.61599230163324 591.4303774020664 488.4691822466099 bottle 0