423 375 462 375 462 398 423 398 drink-cans 0
367 369 406 369 406 399 367 399 drink-cans 0
74 333 154 333 154 368 74 368 styrofoam 0
568 406 614 406 614 438 568 438 cups 0
153 351 212 351 212 398 153 398 drink-cans 0
517 405 562 405 562 440 517 440 drink-cans 0
363 395 426 395 426 428 363 428 drink-cans 0
223 388 303 388 303 438 223 438 drink-packets 0
577 441 627 441 627 484 577 484 bottle 0
578.2023308857606 459.3151133109658 520.9525983396452 545.9280923260121 442.55087660560093 494.11371523025684 499.80033096158877 407.5021951458906 bottle 0
157 426 246 426 246 490 157 490 drink-cans 0
138.44699577384745 405.97818042831113 118.63809652924829 448.45492655494587 40.03279784206825 411.80165094864896 59.841822999951546 369.32548100002015 bottle 0
282.0562680000148 356.3257540000111 306.54440952275763 339.69622916174586 334.21365265188797 380.4371616568419 309.7256025203387 397.0665738537411 bottle 0