365 312 392 312 392 336 365 336 drink-cans 0
271 322 310 322 310 353 271 353 cups 0
143 336 185 336 185 371 143 371 drink-cans 0
423 317 478 317 478 350 423 350 drink-cans 0
3 356 53 356 53 421 3 421 bottle 0
556 308 600 308 600 358 556 358 drink-cans 0
177 358 234 358 234 389 177 389 drink-packets 0
346 337 412 337 412 376 346 376 drink-cans 0
247 348 291 348 291 390 247 390 drink-cans 0
628 316 640 316 640 350 628 350 drink-cans 0
185 372 226 372 226 417 185 417 drink-cans 0
459 344 542 344 542 386 459 386 drink-cans 0
449 358 640 358 640 453 449 453 styrofoam 0
210.53865972375206 507.60589822417984 197.35038096143398 449.50440653310915 403.0290814360342 402.82299303717684 416.2188121359941 460.922371233258 bottle 0