117 188 173 188 173 279 117 279 bottle 0
437 184 485 184 485 245 437 245 cups 0
346 303 399 303 399 392 346 392 drink-cans 0
174 120 213 120 213 163 174 163 styrofoam 0
283 121 328 121 328 162 283 162 drink-cans 0
476.99352094598 148.4033348065158 456.57700963092793 176.0026624155347 400.119676691902 134.2390690556442 420.53614900003595 106.63984499998679 bottle 0
313.65604353173694 449.9588212746413 277.30782916412863 453.77712346958083 263.2826380000188 320.27419499999814 299.6293943292403 316.4559725081903 bottle 0
221.2684754752263 354.25360937193295 195.41350296596647 370.359036158234 156.31200074756634 307.59220225638546 182.1666130000085 291.48692400000544 drink-packets 0
330.12814813082514 221.2549428017435 309.2902640000102 246.03341399997504 265.56804171988915 209.26561130810705 286.4058590000059 184.4872509999954 drink-cans 0
180.06871031939227 420.59303710976997 222.99105153302662 445.31553851228 128.99472577606502 608.4760341950447 86.07302314638218 583.7544335492258 bottle 0
553.2381908692332 111.03037134259901 544.0453281941882 151.13129448707792 491.94596200002707 139.1879260000284 501.1388928748056 99.08710842886451 wrappers 0