263 416 299 416 299 461 263 461 bottle 0
144 447 180 447 180 494 144 494 styrofoam 0
357 379 384 379 384 413 357 413 cups 0
453 329 495 329 495 385 453 385 bottle 0
244 372 292 372 292 421 244 421 drink-cans 0
171 373 230 373 230 420 171 420 drink-cans 0
333 205 335 205 335 209 333 209 drink-cans 0
348.5252860000037 362.19593999997664 328.6633210738364 334.77898627937066 371.55584539352276 303.70845425344766 391.4177493418538 331.1252294745839 drink-packets 0
282.8358242295508 350.91968201554164 246.27056893645204 335.3103482158972 288.19694454788987 237.1041839714261 324.7614581480593 252.71333836356155 bottle 0
524.0056246209133 200.18740914632997 563.6957727449044 208.27943912455171 548.5257419971458 282.6829967154135 508.8356097973883 274.5910219416616 bottle 0
387.5107665059477 114.53090663429548 424.66788059915416 78.36221542033897 493.935663587763 149.52229462627733 456.77873393804475 185.69080763327068 bottle 0