224 222 260 222 260 258 224 258 styrofoam 0
320 211 360 211 360 246 320 246 drink-cans 0
161 270 209 270 209 338 161 338 bottle 0
301 251 345 251 345 300 301 300 drink-cans 0
538 196 593 196 593 228 538 228 wrappers 0
453 232 499 232 499 291 453 291 cups 0
185 335 233 335 233 402 185 402 drink-packets 0
434 308 489 308 489 393 434 393 drink-cans 0
178.4599566932593 422.48233616384755 218.96070716633403 459.08978522462377 97.24597291227838 593.7214615442664 56.74640313285636 557.1152724247498 bottle 0
264.4605404892354 446.5853101835702 270.620510317749 344.04659236939443 314.4531702745735 346.67983601027447 308.29390836348466 449.21786653974425 bottle 0
387.08313225462916 213.1033267558252 399.7126739999658 188.17708000002153 453.5498091620684 215.45415434591757 440.9204081163625 240.38028041342287 bottle 0