224 367 254 367 254 410 224 410 bottle 0
97 352 126 352 126 397 97 397 styrofoam 0
332 364 354 364 354 396 332 396 cups 0
441 354 474 354 474 408 441 408 bottle 0
221 320 264 320 264 364 221 364 drink-cans 0
149 297 205 297 205 336 149 336 drink-cans 0
377 180 378 180 378 185 377 185 drink-cans 0
333.0949939999846 338.8765860000222 324.0131633580313 304.7848855417393 377.3217738333915 290.58473154523847 386.4037430292956 324.6762143870581 drink-packets 0
273.6288749999949 303.5127650000014 243.90047665212478 274.681821406617 321.35741700003564 194.81782200000748 351.0854971027584 223.64846893705266 bottle 0
564.5011633862305 247.43221167020215 600.0658718487102 270.1123161561778 557.7261325836298 336.50102589080905 522.1615693639615 313.82111226937064 bottle 0
463.21039014161215 112.80340492319071 512.8404830818181 91.49943771898685 553.6243998344435 186.50918158675648 503.99438403139357 207.81302839349172 bottle 0