389 193 425 193 425 229 389 229 styrofoam 0
281 193 322 193 322 228 281 228 drink-cans 0
453 238 498 238 498 308 453 308 bottle 0
303 233 347 233 347 283 303 283 drink-cans 0
33 203 90 203 90 232 33 232 wrappers 0
140 230 184 230 184 290 140 290 cups 0
434 309 480 309 480 378 434 378 drink-packets 0
161 308 212 308 212 396 161 396 drink-cans 0
456.52078458726464 438.10709334236276 495.7130204929126 395.6347311842692 638.7346597629221 527.5883321622634 599.5439544284454 570.0591912856427 bottle 0
359.643169842966 440.12360780837344 341.67443574624485 332.02185906889673 387.8483292899182 324.3478926308135 405.81763625748863 432.44890506415805 bottle 0
195.185216722748 233.79155291125608 179.0065134139877 208.75402953251336 233.09819699999935 173.80228099998334 249.2768807875109 198.83968006059484 bottle 0