69 202 115 202 115 230 69 230 drink-cans 0
299 245 348 245 348 274 299 274 drink-cans 0
402 265 432 265 432 292 402 292 cups 0
543 278 621 278 621 335 543 335 bottle 0
449 267 498 267 498 299 449 299 drink-cans 0
267 223 314 223 314 263 267 263 drink-cans 0
175 191 229 191 229 232 175 232 drink-cans 0
427 241 472 241 472 281 427 281 drink-cans 0
593 251 640 251 640 303 593 303 drink-cans 0
462 180 560 180 560 236 462 236 drink-packets 0
309 106 387 106 387 182 309 182 wrappers 0
416 113 535 113 535 195 416 195 drink-cans 0
255.45983188487298 173.69151389015587 101.19890786809265 115.03669962997608 121.80665290390607 60.83993054308742 276.06690887078 119.49461247447006 bottle 0