339 382 362 382 362 405 339 405 drink-cans 0
248 374 285 374 285 404 248 404 cups 0
122 361 163 361 163 395 122 395 drink-cans 0
389 402 442 402 442 436 389 436 drink-cans 0
0 354 28 354 28 412 0 412 bottle 0
150 390 204 390 204 419 150 419 drink-packets 0
217 394 260 394 260 432 217 432 drink-cans 0
514 420 556 420 556 470 514 470 drink-cans 0
313 407 375 407 375 444 313 444 drink-cans 0
582 439 629 439 629 473 582 473 drink-cans 0
152 403 192 403 192 447 152 447 drink-cans 0
418 437 497 437 497 478 418 478 drink-cans 0
398 460 605 460 605 555 398 555 styrofoam 0
359.8482504790445 470.9302386243581 361.2048904354742 541.3834738938054 151.26470361625252 545.419274062049 149.910916000008 474.9688009999828 bottle 0