353 187 392 187 392 226 353 226 styrofoam 0
250 228 294 228 294 266 250 266 drink-cans 0
436 200 487 200 487 274 436 274 bottle 0
290 257 337 257 337 310 290 310 drink-cans 0
19 334 79 334 79 368 19 368 wrappers 0
136 320 185 320 185 383 136 383 cups 0
446 275 498 275 498 348 446 348 drink-packets 0
191 382 250 382 250 474 191 474 drink-cans 0
659.0384146040014 391.7318159760217 640 447.36106399996993 510.1080614874809 402.9107394211857 529.1470349999872 347.2826129999689 bottle 0
419.4487539058173 441.1860045723844 359.24449253448984 346.4839882108579 399.6330726164888 320.81133428736916 459.83724426521803 415.51268423010777 bottle 0
182.05558660229144 312.72905465040077 156.78680336175603 295.60762351350866 193.73247600000468 241.08463600001997 219.001010576103 258.2059501380245 bottle 0