140 302 198 302 198 350 140 350 wrappers 0
215 397 248 397 248 449 215 449 wrappers 0
142 495 143 495 143 497 142 497 bottle 0
217 103 245 103 245 157 217 157 bottle 0
317.36748966352025 395.00752921982814 352.4278386728838 432.6417862792828 226.3246382514626 550.0997237817679 191.26547992265841 512.4666200121196 bottle 0
328.18047778273467 243.66340433234922 358.7107110617944 256.5310644863218 325.7443838156905 334.7433045689563 295.21421898425615 321.8757621451589 bottle 0
124.0817211047397 360.2398072129679 158.7661365337408 374.93771000144295 118.15663447887346 470.7568313665157 83.47235746856313 456.0591654031908 bottle 0
316.4470839477872 95.88594805452809 338.4041063630866 102.50144751661242 325.4195766907651 145.597004852291 303.46256040975277 138.981518857028 drink-cans 0
444.23684432782466 130.8897472190518 424.73909233020095 125.71102517116213 439.7517509642057 69.18945737921737 459.2494185706164 74.36816728022012 drink-packets 0
496.49815756034513 394.25078499544736 444.4676823385089 331.7138439627192 468.1504166393279 312.01204146175155 520.1807381505932 374.54872179382835 drink-cans 0
428.9748201787006 478.68331056951433 471.254856616506 497.9208035778234 434.7468034447229 578.1413559974541 392.46697574839345 558.9041984984955 drink-cans 0