561 283 603 283 603 302 561 302 drink-cans 0
326 278 372 278 372 296 326 296 drink-cans 0
243 276 268 276 268 298 243 298 cups 0
55 258 125 258 125 301 55 301 bottle 0
177 268 222 268 222 290 177 290 drink-cans 0
365 262 405 262 405 294 365 294 drink-cans 0
453 250 501 250 501 282 453 282 drink-cans 0
208 247 246 247 246 279 208 279 drink-cans 0
24 222 82 222 82 262 24 262 drink-cans 0
133 180 224 180 224 217 133 217 drink-packets 0
318 139 384 139 384 201 318 201 wrappers 0
171 124 279 124 279 184 171 184 drink-cans 0
424.36468280197005 161.39026196004266 585.5886489583645 136.37862559156392 594.3726872494881 192.9990979062509 433.148725453575 218.0106421561975 bottle 0