302 406 348 406 348 446 302 446 cups 0
373 389 432 389 432 436 373 436 drink-cans 0
603 322 640 322 640 369 603 369 drink-cans 0
178 459 232 459 232 496 178 496 drink-cans 0
245 431 338 431 338 489 245 489 bottle 0
573 342 640 342 640 400 573 400 drink-cans 0
345 418 421 418 421 471 345 471 drink-cans 0
101 484 205 484 205 550 101 550 styrofoam 0
54 528 120 528 120 588 54 588 drink-cans 0
565 384 631 384 631 453 565 453 drink-cans 0
381 441 468 441 468 516 381 516 drink-cans 0
519 404 595 404 595 483 519 483 drink-cans 0
255.9583289999864 520.1897019999949 254.5563281721843 476.9307828271335 342.9366977587779 474.0664730782536 344.3393805959204 517.3246917487771 drink-packets 0
441.2149396882887 431.7723173101614 432.58536900000763 387.23464800003114 554.7204576226795 363.571720631665 563.3506550949824 408.1085899784484 bottle 0