246 191 279 191 279 234 246 234 bottle 0
129 169 162 169 162 213 129 213 styrofoam 0
340 232 365 232 365 264 340 264 cups 0
436 252 474 252 474 306 436 306 bottle 0
231 232 275 232 275 278 231 278 drink-cans 0
160 239 216 239 216 282 160 282 drink-cans 0
329 431 331 431 331 435 329 435 drink-cans 0
376.8704363711731 308.59855137248246 359.48696273582755 336.49269955122 315.8986668846046 309.33054575882437 333.2821210000111 281.43656600002737 drink-packets 0
317.4688992952724 388.9944201849141 283.18802180139755 406.5366973522817 236.0566748799465 314.4416156096337 270.33677800005535 296.8995789999879 bottle 0
494.31458916064 355.56736887950217 532.1281491601985 345.07497345663717 551.7922544651083 415.9351047989619 513.9787416379113 426.42738894423235 bottle 0
450.08452176516585 445.0413954174041 488.48919945688976 477.50610145427464 426.307670455426 551.050498058016 387.9035200797807 518.5863705103615 bottle 0