293 259 319 259 319 285 293 285 drink-cans 0
375 266 417 266 417 300 375 300 cups 0
507 284 553 284 553 323 507 323 drink-cans 0
207 219 266 219 266 259 207 259 drink-cans 0
465 255 525 255 525 290 465 290 drink-packets 0
405 236 453 236 453 281 405 281 drink-cans 0
85 174 133 174 133 230 85 230 drink-cans 0
280 215 349 215 349 260 280 260 drink-cans 0
17 165 59 165 59 204 17 204 drink-cans 0
478 225 524 225 524 276 478 276 drink-cans 0
150 169 238 169 238 217 150 217 drink-cans 0
36 76 265 76 265 194 36 194 styrofoam 0
300.7861686290562 186.35146971770837 304.6644963977451 109.83857272727109 532.6068724026845 121.39141977026978 528.7295668958541 197.90337503084805 bottle 0