351 247 375 247 375 271 351 271 drink-cans 0
257 228 296 228 296 259 257 259 cups 0
126 208 169 208 169 243 126 243 drink-cans 0
408 230 464 230 464 267 408 267 drink-cans 0
10 160 33 160 33 219 10 219 bottle 0
160 190 217 190 217 222 160 222 drink-packets 0
230 191 275 191 275 233 230 233 drink-cans 0
542 224 587 224 587 277 542 277 drink-cans 0
332 205 397 205 397 245 332 245 drink-cans 0
614 235 640 235 640 271 614 271 drink-cans 0
167 160 210 160 210 207 167 207 drink-cans 0
446 196 530 196 530 239 446 239 drink-cans 0
435 125 640 125 640 229 435 229 styrofoam 0
177.85856200003764 127.88491000003415 195.87038607503928 56.18012169268294 409.5355662587099 109.85054410546289 391.5245167614921 181.55469476528253 bottle 0