303 420 336 420 336 470 303 470 drink-cans 0
453 393 491 393 491 453 453 453 drink-packets 0
325 506 361 506 361 539 325 539 styrofoam 0
238 462 280 462 280 500 238 500 drink-cans 0
547.6333100000193 391.12651899998764 533.6894013208075 340.79596801545233 640 311.345210999966 653.9443579941144 361.6750463569482 bottle 0
346.0569000000396 375.51233600001495 318.94764662356465 348.181312668558 374.31161797554523 293.2712930748911 401.4206278267375 320.60206417895097 drink-cans 0
425.33537700001034 530.4522669999842 397.0107557384472 502.79778539966566 448.70468166402134 449.86088925043015 477.0289242648141 477.51501027304255 bottle 0
136.75091905861336 451.3918548896323 113.07098740791844 390.6687031180177 141.2743059999775 379.6718799999826 164.95435126278608 440.39474640632125 bottle 0
205.28823248998378 342.1687136466603 230.87556644655706 372.0602670895463 182.97570100003213 413.0582560000226 157.3886468954879 383.1669651531717 cups 0
416.5963510000438 410.4124420000154 388.35500953136943 379.9718849470919 473.0637565886718 301.39058663357287 501.3047278115846 331.8306914870818 bottle 0
-4.398216855988721 371.30179268942726 15.126241254474735 339.87515609023666 87.05026461706439 384.5548305393604 67.52623403859616 415.9810931347175 wrappers 0