246 327 282 327 282 346 246 346 drink-cans 0
456 336 501 336 501 354 456 354 drink-cans 0
559 337 583 337 583 359 559 359 cups 0
619 345 640 345 640 364 619 364 drink-cans 0
446 339 490 339 490 369 446 369 drink-cans 0
380 348 427 348 427 376 380 376 drink-cans 0
628 355 639 355 639 378 628 378 drink-cans 0
38 371 103 371 103 412 38 412 bottle 0
241 406 339 406 339 450 241 450 drink-cans 0
490 419 615 419 615 480 490 480 bottle 0
232.11953812191496 335.9000095017472 256.11535099997127 356.6122449999975 226.00218193183537 391.49576056566184 202.00648861537047 370.78365412630524 drink-cans 0