457 287 497 287 497 312 457 312 drink-cans 0
405 270 443 270 443 303 405 303 drink-cans 0
116 224 196 224 196 262 116 262 styrofoam 0
605 288 640 288 640 323 605 323 cups 0
557 274 601 274 601 308 557 308 drink-cans 0
408 245 470 245 470 280 408 280 drink-cans 0
274 201 354 201 354 250 274 250 drink-packets 0
626 248 640 248 640 289 626 289 bottle 0
224 134 315 134 315 200 224 200 drink-cans 0
24 91 69 91 69 152 24 152 drink-cans 0
260.0722862726252 245.82830634198132 232.95413270025165 274.9085288223866 192.5162240001373 237.20041499998712 219.63425754882337 208.12033406166069 drink-cans 0
357.93303490339895 255.0285949372916 372.1332910008641 273.9345783722084 331.4899691630126 304.4598258128631 317.28982272434223 285.5539418862409 bottle 0
112.34832265668956 208.1026588492313 107.87228299996059 164.9415030000191 187.3190123020322 156.70247776902823 191.7952596617397 199.86341244579523 drink-cans 0
630.6811754258524 264.7064730318471 539.805151434557 299.93342362074793 500.63651712378487 198.8907234526639 591.5110530687525 163.66408870298784 bottle 0