365 302 396 302 396 330 365 330 drink-cans 0
274 328 317 328 317 365 274 365 cups 0
149 366 196 366 196 407 149 407 drink-cans 0
424 291 483 291 483 334 424 334 drink-cans 0
18 412 75 412 75 483 18 483 bottle 0
554 259 606 259 606 315 554 315 drink-cans 0
187 378 248 378 248 419 187 419 drink-packets 0
351 324 422 324 422 374 351 374 drink-cans 0
254 358 304 358 304 407 254 407 drink-cans 0
627 259 640 259 640 294 627 294 drink-cans 0
198 394 246 394 246 445 198 445 drink-cans 0
465 305 553 305 553 362 465 362 drink-cans 0
459 299 640 299 640 429 459 429 styrofoam 0
248.37258762498095 531.1861039434572 224.05030930050998 476.01534981678253 419.4134018962359 389.9008443723342 443.73627429798944 445.06954332042085 bottle 0