310 213 351 213 351 246 310 246 cups 0
229 195 282 195 282 232 229 232 drink-cans 0
9 173 50 173 50 210 9 210 drink-cans 0
433 214 483 214 483 241 433 241 drink-cans 0
329 192 417 192 417 232 329 232 bottle 0
11 152 87 152 87 192 11 192 drink-cans 0
250 173 320 173 320 212 250 212 drink-cans 0
470 187 568 187 568 234 470 234 styrofoam 0
565 172 640 172 640 224 565 224 drink-cans 0
52 107 108 107 108 166 52 166 drink-cans 0
221 115 297 115 297 176 221 176 drink-cans 0
95 96 159 96 159 163 95 163 drink-cans 0
346.15472405021137 139.97308976664212 428.1229628872825 167.22546984500138 414.7880473533587 207.3325812473304 332.8198386758595 180.08027446635145 drink-packets 0
226.52353766083252 181.94719219394818 218.03814899998542 225.46490300002216 98.7796201598394 202.2108781886061 107.26529295679939 158.69351492737133 bottle 0