132 314 179 314 179 347 132 347 drink-cans 0
460 416 491 416 491 445 460 445 cups 0
359 387 409 387 409 418 359 418 drink-cans 0
516 440 566 440 566 472 516 472 drink-cans 0
340 386 392 386 392 430 340 430 drink-cans 0
265 376 322 376 322 419 265 419 drink-cans 0
515 452 572 452 572 498 515 498 drink-cans 0
55 391 181 391 181 474 55 474 drink-cans 0
81.42218399996636 376.4852339999999 61.19675583933713 343.76359839352995 108.94646710563393 314.2518918183876 129.1718700522324 346.97328839062266 drink-cans 0
327.02719028478896 489.6238157096873 465.1880197034916 499.1184631185461 461.13557545679214 558.0756311723623 322.9747508489527 548.5810928392699 bottle 0
498.109402594564 577.591007349906 522.7228979999927 529.6026589999814 589.8370234532194 564.0179207340183 565.2244367151434 612.0054888611078 wrappers 0