454 365 489 365 489 383 454 383 drink-cans 0
403 368 438 368 438 393 403 393 drink-cans 0
131 377 203 377 203 403 131 403 styrofoam 0
593 373 633 373 633 399 593 399 cups 0
208 382 259 382 259 421 208 421 drink-cans 0
546 379 585 379 585 408 546 408 drink-cans 0
404 391 460 391 460 417 404 417 drink-cans 0
276 406 347 406 347 446 276 446 drink-packets 0
605 402 640 402 640 438 605 438 bottle 0
605.6455395501689 421.5038775400373 565.9887997502665 508.67242562815306 487.08594326373714 472.78062064247456 526.7430182205862 385.6133445559726 bottle 0
223 449 302 449 302 501 223 501 drink-cans 0
6 465 67 465 67 518 6 518 drink-cans 0
198.089626732326 436.58337102151324 186.17260432540206 478.13948000667096 109.14387729448208 456.05270478999336 121.06122400000459 414.497159999994 bottle 0
321.0006080000312 371.00170599999416 340.9837531462108 352.24977903536916 372.1536219999689 385.4628189999809 352.1705944775749 404.2146254850669 bottle 0