186 113 240 113 240 209 186 209 bottle 0
499 270 548 270 548 335 499 335 cups 0
347 337 397 337 397 432 347 432 drink-cans 0
286 76 326 76 326 120 286 120 styrofoam 0
390 133 436 133 436 175 390 175 drink-cans 0
571.4682163760881 248.08182445704773 538.1217599999945 264.0075090000156 505.5665714089264 195.84307938700368 538.9126879999822 179.9174890000077 bottle 0
264.22389323655807 451.72091744650265 227.79580446192995 436.9970947953919 281.74943999998504 303.5285199999917 318.17613651968713 318.25201672463453 bottle 0
224.79521157205454 313.3760620855173 192.13235234063177 315.62135033720085 186.69783873418055 236.56598484675214 219.36016700004984 234.32071499999756 drink-packets 0
395.527297219669 242.21490366034985 363.3028101411037 255.20654198866808 340.43003894534195 198.47476529451893 372.65423699995154 185.48319300001327 drink-cans 0
8.867686246012454 508.6883583568417 -19.827163442096207 464.22069814700274 150.89737616632192 354.06872189987564 179.59189308749046 398.5347915196804 bottle 0
590.8471680962248 246.4763415457061 616.4834882805008 211.55887603151956 660.8472159085795 244.1293092129665 635.2110939773411 279.0465958829995 wrappers 0