254 305 290 305 290 343 254 343 bottle 0
94 335 148 335 148 370 94 370 drink-packets 0
12 346 64 346 64 385 12 385 drink-cans 0
182 295 247 295 247 333 182 333 drink-cans 0
502 209 562 209 562 247 502 247 drink-cans 0
239 264 286 264 286 308 239 308 drink-cans 0
557 182 623 182 623 224 557 224 bottle 0
428 211 468 211 468 252 428 252 drink-cans 0
471 128 619 128 619 225 471 225 bottle 0
227 208 286 208 286 252 227 252 wrappers 0
0 254 52 254 52 312 0 312 drink-cans 0
242 150 334 150 334 219 242 219 drink-cans 0