539 360 586 360 586 390 539 390 drink-cans 0
307 293 356 293 356 323 307 323 drink-cans 0
223 268 254 268 254 297 223 297 cups 0
36 200 117 200 117 261 36 261 bottle 0
160 243 210 243 210 277 160 277 drink-cans 0
346 287 394 287 394 330 346 330 drink-cans 0
437 299 493 299 493 343 437 343 drink-cans 0
193 230 240 230 240 273 193 273 drink-cans 0
22 158 83 158 83 212 22 212 drink-cans 0
135 143 236 143 236 204 135 204 drink-packets 0
323 151 405 151 405 231 323 231 wrappers 0
182 98 305 98 305 187 182 187 drink-cans 0
439.5008333520673 202.3605923245088 606.6149386019242 220.45938934961836 600.255577180942 279.1756984800586 433.14150092912314 261.07699821055684 bottle 0