236 282 266 282 266 314 236 314 bottle 0
87 290 134 290 134 315 87 315 drink-packets 0
11 287 56 287 56 317 11 317 drink-cans 0
171 268 228 268 228 295 171 295 drink-cans 0
471 236 523 236 523 263 471 263 drink-cans 0
228 246 266 246 266 281 228 281 drink-cans 0
525 218 601 218 601 250 525 250 bottle 0
405 224 437 224 437 257 405 257 drink-cans 0
453 169 590 169 590 239 453 239 bottle 0
225 195 275 195 275 228 225 228 wrappers 0
0 202 56 202 56 248 0 248 drink-cans 0
246 149 323 149 323 202 246 202 drink-cans 0
590 73 628 73 628 139 590 139 drink-cans 0