340 191 380 191 380 242 340 242 drink-cans 0
188 175 234 175 234 237 188 237 drink-packets 0
334 120 373 120 373 158 334 158 styrofoam 0
401 174 447 174 447 216 401 216 drink-cans 0
0 281.60959699999654 -6.432981313337223 230.7953463124167 131.83829929526837 213.29089571039515 138.27183220593724 264.10446257332455 bottle 0
320.3273584909766 276.2940102779941 340.4668005748681 307.5943495384766 277.09694500001206 348.3648079999876 256.95781272952445 317.06474127075694 drink-cans 0
276.0905143384298 114.22805139370709 297.2998229138466 146.06215649575577 237.81331932274043 185.69386263955727 216.6041503928136 153.85988269299213 bottle 0
533.2984999706969 246.70912473833414 543.4333329914807 308.63262247768813 514.6001754977624 313.3512310259254 504.46555550341145 251.42792373491727 bottle 0
446.1753838452569 336.06013712730976 428.0020306993538 302.6629625165241 481.5107369999896 273.5478930000021 499.6840999909182 306.944824590631 cups 0
260.493588620011 228.94497607598197 281.05884307566157 263.38215991932054 185.3056975720392 320.5601836597379 164.74088693998056 286.1233880163618 bottle 0
648.0705495885195 348.4441865401729 623.3396817022731 374.19395606714767 566.8835848195886 319.97612754955605 591.614223194556 294.22661194013597 wrappers 0