325 224 364 224 364 254 325 254 cups 0
244 215 294 215 294 250 244 250 drink-cans 0
17 220 65 220 65 255 17 255 drink-cans 0
444 210 493 210 493 234 444 234 drink-cans 0
342 198 426 198 426 233 342 233 bottle 0
19 198 99 198 99 235 19 235 drink-cans 0
262 190 329 190 329 225 262 225 drink-cans 0
480 177 574 177 574 218 480 218 styrofoam 0
571 152 636 152 636 198 571 198 drink-cans 0
63 150 115 150 115 206 63 206 drink-cans 0
229 138 302 138 302 194 229 194 drink-cans 0
104 134 164 134 164 197 104 197 drink-cans 0
349.21662789703987 149.38602057323382 432.5152739683108 166.16803618601995 424.30126592291344 206.9378599037304 341.0026306032523 190.15589014037775 drink-packets 0
237.87956012558425 204.04191171881246 234.81192799998098 247.5488330000363 115.5031185723783 239.13577344240025 118.57114520105824 195.6292407300303 bottle 0