146 239 190 239 190 268 146 268 drink-cans 0
465 305 493 305 493 331 465 331 cups 0
366 286 413 286 413 312 366 312 drink-cans 0
607 324 640 324 640 367 607 367 bottle 0
520 313 567 313 567 340 520 340 drink-cans 0
354 267 402 267 402 305 354 305 drink-cans 0
287 242 339 242 339 280 287 280 drink-cans 0
529 292 581 292 581 332 529 332 drink-cans 0
125 117 242 117 242 187 125 187 drink-cans 0
128.07569238175347 181.52706824822178 156.05344656803936 226.43464271326096 125.19921983657696 245.65627184594123 97.2216109999863 200.74882399998916 drink-cans 0
406.52303054070217 150.2513523107003 524.8868955869693 205.61458682518779 501.25528110227606 256.1361230927985 382.8915313880134 200.77311108784886 bottle 0
641.4402151307149 208.1701260847066 639.794818747323 259.0327479784607 562.995923999988 256.547924000011 564.6416443698399 205.6856240428683 wrappers 0