444 367 479 367 479 387 444 387 drink-cans 0
395 370 428 370 428 398 395 398 drink-cans 0
130 388 202 388 202 417 130 417 styrofoam 0
579 368 618 368 618 397 579 397 cups 0
534 378 573 378 573 406 534 406 drink-cans 0
397 394 453 394 453 422 397 422 drink-cans 0
273 411 343 411 343 451 273 451 drink-packets 0
596 396 640 396 640 434 596 434 bottle 0
223 453 302 453 302 507 223 507 drink-cans 0
11 477 76 477 76 532 11 532 drink-cans 0
220.81152193983144 438.1729597726875 198.51178700002492 409.6332979999961 238.16735610329488 378.65210422725295 260.4669868504425 407.19154514343745 drink-cans 0
315.3095910000411 375.5791579999914 329.7040432254289 359.5429593963496 364.13399716817366 390.44474796976215 349.73965525772655 406.480840463146 bottle 0
194.57747649677913 443.33087745392703 187.0891422843124 482.1379666690517 115.64478832333407 468.3534470368641 123.13348188559758 429.5468434089098 drink-cans 0
555.0675397604937 508.6201145092858 475.3999676313106 469.4441821431732 518.9877112252725 380.8216710978983 598.6530711349042 419.99695018849104 bottle 0