143 401 184 401 184 488 143 488 bottle 0
459 374 498 374 498 431 459 431 cups 0
347 245 385 245 385 332 347 332 drink-cans 0
212 506 246 506 246 545 212 545 styrofoam 0
320 487 360 487 360 522 320 522 drink-cans 0
458.9753539999947 515.1112609999822 433.68061841785675 491.9300043090297 481.1089053212345 440.18666613937916 506.40328931534896 463.3676350819118 bottle 0
300.2558676387707 332.220547775174 263.8476780000201 335.4073589999973 252.1478082032263 201.74314557421653 288.5551056582335 198.55637153266312 bottle 0
189.62780092464527 380.13962772571483 161.17662615441077 369.26400984938147 187.56235421395104 300.24422792356074 216.0130537207442 311.1197452574331 drink-packets 0
312.41186694933276 464.7855042694311 287.2572454874171 444.46345290079694 323.0762611547834 400.13307998582013 348.2305914095923 420.45494675722637 drink-cans 0
39.51763907978602 111.01194259055052 76.93629374734883 78.54663065647597 200.3478866104706 220.7852843912567 162.92960228769516 253.25021615607753 bottle 0
539.4531353152706 508.14082484620604 522.775546000048 470.531738999995 571.636659783544 448.8680681526109 588.314355886032 486.47680241354954 wrappers 0