457 362 504 362 504 394 457 394 drink-cans 0
142 285 171 285 171 313 142 313 cups 0
225 309 275 309 275 337 225 337 drink-cans 0
0 245 22 245 22 286 0 286 bottle 0
63 273 112 273 112 303 63 303 drink-cans 0
236 315 287 315 287 356 236 356 drink-cans 0
300 344 356 344 356 385 300 385 drink-cans 0
48 281 104 281 104 324 48 324 drink-cans 0
398 446 523 446 523 523 398 523 drink-cans 0
493.9978410000185 405.08735199999126 527.940384425965 387.58466554199515 553.5092404182069 437.16343597357024 519.5667996916018 454.66596864213034 drink-cans 0
103.19379999993544 414.5002700000276 130.16447851747216 362.2899986520361 252.50011260039173 425.47733099501 225.53072699192853 477.686496286758 bottle 0
0 359.800841 64.962344 359.800841 64.962344 413.123314 0 413.123314 wrappers 0