463 332 501 332 501 360 463 360 drink-cans 0
415 350 454 350 454 384 415 384 drink-cans 0
158 427 232 427 232 473 158 473 styrofoam 0
597 297 640 297 640 334 597 334 cups 0
231 416 291 416 291 468 231 468 drink-cans 0
554 318 599 318 599 357 554 357 drink-cans 0
422 366 482 366 482 407 422 407 drink-cans 0
305 413 383 413 383 471 305 471 drink-packets 0
618 321 640 321 640 368 618 368 bottle 0
623.6325368762482 351.8255843525004 611.1979247207637 446.78014832032886 525.2492551873002 435.5251947993839 537.6848897076707 340.57185452346937 bottle 0
266 468 355 468 355 540 266 540 drink-cans 0
68 552 135 552 135 617 68 617 drink-cans 0
237.6835710123123 485.5689655955737 238.4390234710736 528.7936561145941 158.45756126815104 530.1904671126193 157.7027729999827 486.96643800000356 bottle 0
336.66167700001097 386.7521270000133 350.2354430685955 363.07063171305754 389.6392872281285 385.6536528013622 376.0656992539589 409.33499377808124 bottle 0