258 268 294 268 294 306 258 306 bottle 0
109 220 162 220 162 257 109 257 drink-packets 0
34 188 85 188 85 229 34 229 drink-cans 0
201 231 264 231 264 271 201 271 drink-cans 0
510 313 568 313 568 352 510 352 drink-cans 0
261 228 308 228 308 273 261 273 drink-cans 0
567 317 640 317 640 366 567 366 bottle 0
447 275 487 275 487 316 447 316 drink-cans 0
501 245 640 245 640 349 501 349 bottle 0
279 179 337 179 337 225 279 225 wrappers 0
41 98 118 98 118 160 41 160 drink-cans 0
311 143 401 143 401 214 311 214 drink-cans 0