223 286 263 286 263 312 223 312 drink-cans 0
438 239 487 239 487 265 438 265 drink-cans 0
545 218 573 218 573 244 545 244 cups 0
605 202 627 202 627 225 605 225 drink-cans 0
426 225 476 225 476 263 426 263 drink-cans 0
355 229 409 229 409 266 355 266 drink-cans 0
611 188 625 188 625 214 611 214 drink-cans 0
0 250 69 250 69 304 0 304 bottle 0
199 168 308 168 308 232 199 232 drink-cans 0
451 87 589 87 589 172 451 172 bottle 0
171.83718000007502 274.7342009999782 192.89118419706938 248.9189893655211 230.42909300005704 279.5319750000035 209.37522779560823 305.3470573903754 drink-cans 0