309 191 347 191 347 241 309 241 drink-cans 0
434 262 478 262 478 323 434 323 drink-packets 0
360 138 398 138 398 174 360 174 styrofoam 0
266 141 311 141 311 182 266 182 drink-cans 0
624.8964259312925 439.7489586314613 592.0278428278107 481.0983563910534 478.5058749058953 390.8708075116292 511.37392799995723 349.52239500001355 bottle 0
354.38135268159385 357.1641267764908 319.9662636432913 371.2384469512567 291.4544238286908 301.52531908219623 325.8689289999893 287.45113600001037 drink-cans 0
481.1971630518383 246.168959551467 445.56599372452183 260.08008163748946 419.57018133369274 193.49796413782175 455.2009669999825 179.58692699999352 bottle 0
189.31527174871007 161.4842385299667 145.36447766593483 206.53038728393497 124.4319512508082 186.1072387345304 168.38266197839403 141.0611775355266 bottle 0
161.36875986558152 209.68405393464283 195.41084700002102 192.75045499998473 222.54068863156135 247.28838745796568 188.4986613451474 264.2218971650371 cups 0
447.61544204222446 384.5950397884952 411.0349515420239 401.0007947869753 365.4602947181411 299.3899892983105 402.0398600000044 282.98447799999843 bottle 0
31.681698048778344 192.87532130884156 23.702476203689002 157.69666728200417 89.9498390116787 142.67073361661951 97.92916462196445 177.8492310767427 wrappers 0