357 341 383 341 383 364 357 364 drink-cans 0
266 349 302 349 302 378 266 378 cups 0
140 358 180 358 180 391 140 391 drink-cans 0
413 350 466 350 466 380 413 380 drink-cans 0
3 373 50 373 50 435 3 435 bottle 0
543 346 584 346 584 393 543 393 drink-cans 0
173 381 228 381 228 410 173 410 drink-packets 0
338 367 401 367 401 403 338 403 drink-cans 0
240 374 282 374 282 414 240 414 drink-cans 0
613 354 640 354 640 388 613 388 drink-cans 0
181 394 220 394 220 437 181 437 drink-cans 0
448 378 528 378 528 417 448 417 drink-cans 0
437 394 640 394 640 482 437 482 styrofoam 0
200.46257957343187 525.8555102159263 189.62155404267833 468.9630365369439 391.0094023370766 430.5921751960691 401.8520023561723 487.482543713221 bottle 0