146 255 202 255 202 300 146 300 wrappers 0
181 362 211 362 211 413 181 413 wrappers 0
88 421 89 421 89 422 88 422 bottle 0
289 98 314 98 314 151 289 151 bottle 0
282.7848483077105 394.02587207874865 300.6333311018534 440.58395166794594 144.58204127236968 500.39631757124135 126.73510026368604 453.83955224247563 bottle 0
347.32630635713576 261.5669860258935 370.0915762313525 284.2127662722324 312.0504095918295 342.5560268370606 289.2853500413912 319.91045683725974 bottle 0
121.66202388609236 291.7834536880114 147.51488049667387 317.601394144247 76.1986491742573 389.00760915943897 50.346125030118856 363.1900002789439 bottle 0
389.86577585557825 125.01512873575138 407.1820691429457 138.9195107522308 379.88756465521874 172.91106156554204 362.57130221812986 159.0067134943183 drink-cans 0
492.28758569952333 202.22792235017752 476.64645252545597 190.49671806009462 510.5235767484555 145.32973883162592 526.1646300221037 157.06089845511474 drink-packets 0
443.4709959023894 458.0413138572032 419.4153941919649 382.95112219569955 447.83716190700943 373.84738790070173 471.8929490985465 448.93722234768836 drink-cans 0
352.37852026235487 509.48545316233464 383.3894653533207 542.1175056394309 321.46671762871847 600.9499207985987 290.4563658210827 568.3184487941548 drink-cans 0