580 260 620 260 620 293 580 293 drink-cans 0
501 234 552 234 552 271 501 271 drink-cans 0
243 232 286 232 286 263 243 263 drink-cans 0
183 212 247 212 247 251 183 251 bottle 0
328 200 351 200 351 246 328 246 drink-cans 0
223 143 329 143 329 233 223 233 bottle 0
478 142 524 142 524 184 478 184 wrappers 0
472.5369401754142 316.29879022304397 448.27191066426167 303.2025347848485 475.09635711649025 253.50486415893323 499.36115412834624 266.60104289313796 bottle 0
511.81984578070114 258.4263663519572 487.6874808809225 267.8247580938045 465.17089410088374 210.01081314498578 489.30303469169303 200.6124692836427 drink-cans 0
103.82884964797995 85.52492838167461 152.26631435092713 74.61858788562802 169.2245938922133 149.93345371464892 120.78714175062487 160.8397583871583 drink-cans 0
292.2885154712276 102.8934829380264 222.31644999999844 124.10084800000325 196.794759774275 39.893898650886236 266.7665437349933 18.68657699662069 drink-cans 0