402 333 436 333 436 384 402 384 bottle 0
275 373 324 373 324 416 275 416 drink-cans 0
203 400 249 400 249 449 203 449 drink-cans 0
378 373 432 373 432 420 378 420 drink-cans 0
437 376 488 376 488 436 437 436 drink-cans 0
120 450 171 450 171 510 120 510 drink-cans 0
133 461 183 461 183 523 133 523 cups 0
517 445 560 445 560 499 517 499 wrappers 0
332 476 405 476 405 551 332 551 drink-cans 0
640.0003214605385 550.764828 604.5117149029102 550.764828 604.5126320741838 455.256564 639.9999924910662 455.256564 drink-cans 0
655.2541267529887 375.4689957419351 640 408.44844899999566 594.7373540725675 387.5149610358607 609.9915399999736 354.53573999999315 drink-cans 0