39 424 91 424 91 472 39 472 drink-packets 0
118 421 179 421 179 472 118 472 drink-cans 0
379 351 429 351 429 395 379 395 drink-cans 0
422 345 495 345 495 404 422 404 bottle 0
326 390 363 390 363 442 326 442 drink-cans 0
361 371 489 371 489 485 361 485 bottle 0
188 498 242 498 242 552 188 552 wrappers 0
509.99487707260414 465.0191339225791 568.9199373694282 507.6163079303036 516.2909840964858 580.4029670150102 457.36656019696966 537.8065422079394 drink-cans 0
643.5265348669054 471.81670944713983 595.1199649999762 500.5390360000107 552.8325077308546 429.28049369268535 601.2380180000036 400.5585709999899 drink-cans 0
197.0933013925969 432.82483161656785 171.99478938906395 432.67265048416164 172.3559778976778 373.16095580315584 197.45403938264644 373.3131355638833 bottle 0
224.19425002168282 463.56854144284426 204.68192901731527 482.7917842646238 165.64298516699637 443.1717104465512 185.1551169999584 423.9486500000038 drink-cans 0
264.7573919419665 514.3221086018373 299.9444689347001 552.3722597817665 237.20046382681176 610.380749873322 202.01409291592427 572.3312824710151 drink-cans 0