425 140 522 140 522 194 425 194 drink-packets 0
15 91 72 91 72 143 15 143 bottle 0
539 80 640 80 640 156 539 156 drink-cans 0
174 185 223 185 223 212 174 212 drink-cans 0
584 216 640 216 640 252 584 252 styrofoam 0
258 181 311 181 311 220 258 220 drink-cans 0
523 179 596 179 596 237 523 237 drink-cans 0
11 142 56 142 56 182 11 182 cups 0
74 134 137 134 137 183 74 183 drink-cans 0
254 151 333 151 333 190 254 190 drink-cans 0
201.76082028650853 191.6621190869231 117.04577046933991 136.86918189070096 193.2631470621709 19.031623749243337 277.9775410892762 73.8242834565471 bottle 0
349.07324355022865 189.98088686500358 386.202680854185 173.88319361515704 412.8837857644976 235.42150177230087 375.75439772008394 251.51911044763435 bottle 0