2 356 33 356 33 396 2 396 drink-packets 0
66 379 123 379 123 419 66 419 drink-cans 0
354 381 399 381 399 417 354 417 drink-cans 0
398 393 465 393 465 439 398 439 bottle 0
290 400 316 400 316 450 290 450 drink-cans 0
324 414 440 414 440 508 324 508 bottle 0
116 475 163 475 163 523 116 523 wrappers 0
457.3909849951451 523.7350515499874 504.07123174503795 583.150888699982 430.87815152990515 640.6393708024664 384.1992104899691 581.2247369531691 drink-cans 0
590.889544855745 569.6537454636347 533.2245501780562 584.756229426241 510.9801024638 499.836536423379 568.6431380000431 484.7343259999932 drink-cans 0
148.30327957883128 399.1367801537701 122.79430204915116 391.6602673962143 140.66258282728086 330.70308168598547 166.17113981046714 338.17952803199296 bottle 0
166.6608070393704 438.86560934576124 141.19453153049108 452.72694278515553 113.08486279172939 401.0900253391358 138.55075400002534 387.22882199999503 drink-cans 0
193.7590691580408 502.20738774072237 218.51135541124677 551.2653224836408 137.66064609284513 592.048461894444 112.90942327359517 542.991437759299 drink-cans 0