354 246 378 246 378 294 354 294 bottle 0
470 227 517 227 517 269 470 269 drink-packets 0
369 214 422 214 422 254 369 254 drink-cans 0
123 226 167 226 167 266 123 266 drink-cans 0
56 231 114 231 114 261 56 261 bottle 0
27 142 141 142 141 242 27 242 bottle 0
453 82 524 82 524 152 453 152 drink-cans 0
583.584156976649 197.19807230443476 603.4176651321468 228.8766574343623 559.8588179999933 256.1470160000295 540.0254635913006 224.46856511144503 drink-cans 0
244.46876684887684 63.11500506817883 277.3769741541764 93.13093371260173 226.58898662113643 148.81221664080573 193.68086104586837 118.79637407187828 drink-cans 0
324.5077575533651 159.6737632026051 297.0825749303185 172.29012504917722 278.2149345450307 131.27657805799842 305.64000812897575 118.66024478085993 wrappers 0
222.00142112887988 227.69156916024792 202.36087500001304 251.61891000001492 158.33616604279086 215.48279757531233 177.97665284939285 191.55556457933827 drink-cans 0
376.189717528905 219.17634460497663 357.11796311567014 248.47363806332606 312.5094758418709 219.4356154029704 331.58121043590654 190.13844722149582 drink-cans 0