449 90 581 90 581 160 449 160 drink-packets 0
378 249 417 249 417 284 378 284 cups 0
235 267 301 267 301 302 235 302 drink-cans 0
570 196 634 196 634 261 570 261 bottle 0
441 226 507 226 507 265 441 265 drink-cans 0
190 252 252 252 252 303 190 303 drink-cans 0
56 251 131 251 131 304 56 304 drink-cans 0
411 202 471 202 471 254 411 254 drink-cans 0
528.9679784145119 -2.1496486913006967 561.7270869999629 71.48385800001134 403.87978593309526 141.70852526098545 371.1210119441239 68.07528175774274 drink-cans 0
251.21139399998356 172.8682339999782 216.19274442280584 108.39910223079683 323.5670879999816 50.07553199996943 358.5857442265842 114.54431925668013 wrappers 0
185.44102645748353 119.26917551308719 182.24630453514692 193.53197521214753 -3.1954670205595903 185.55320589447192 0 111.29118700003471 bottle 0