483 101 619 101 619 166 483 166 bottle 0
0 135 14 135 14 196 0 196 drink-cans 0
0 262 28 262 28 287 0 287 styrofoam 0
373 202 426 202 426 233 373 233 drink-cans 0
284 201 340 201 340 245 284 245 drink-cans 0
519 156 574 156 574 195 519 195 cups 0
1 218 78 218 78 276 1 276 bottle 0
435 154 497 154 497 202 435 202 drink-cans 0
249 177 326 177 326 219 249 219 drink-cans 0
60.67543585173553 221.95228617102566 61.032951381857856 183.84059063961195 157.3479168551421 184.74379891444283 156.99068084417377 222.85522429612413 drink-packets 0
230.15338388497184 272.1080113099984 201.6916539999511 264.41229099999146 214.16804328335274 218.27238960548476 242.62954595797055 225.9680781188813 bottle 0
334.6016951243655 233.92185315623044 248.42420644192316 121.43718624908101 340.19667745269544 51.129019666130226 426.3739713472751 163.61312486766624 bottle 0