217 337 244 337 244 386 217 386 bottle 0
333 359 378 359 378 397 333 397 drink-cans 0
413 373 453 373 453 418 413 418 drink-cans 0
225 376 276 376 276 417 225 417 drink-cans 0
0 373 11 373 11 412 0 412 drink-cans 0
172 387 217 387 217 442 172 442 drink-cans 0
500 410 544 410 544 466 500 466 drink-cans 0
490 423 533 423 533 481 490 481 cups 0
111 467 148 467 148 518 111 518 wrappers 0
273 473 338 473 338 540 273 540 drink-cans 0
80.32110245985677 557.234616887809 37.66234538605204 591.4424819370557 -14.764784482031246 526.0772270355516 27.89304699996137 491.8699440000204 drink-cans 0
39.78560865056352 387.1371444077812 60.18331395120185 417.56698653166427 11.601042064867215 450.1279597923053 -8.79635213772417 419.6983942748244 drink-cans 0