332 494 461 494 461 548 332 548 drink-packets 0
0 507 9 507 9 573 0 573 bottle 0
215 541 371 541 371 636 215 636 drink-cans 0
310 373 349 373 349 407 310 407 cups 0
157 371 226 371 226 401 157 401 drink-cans 0
507 374 603 374 603 437 507 437 bottle 0
372 386 436 386 436 420 372 420 drink-cans 0
97 374 161 374 161 424 97 424 drink-cans 0
326 400 380 400 380 448 326 448 drink-cans 0
0 389 19 389 19 439 0 439 drink-cans 0
620.1348191883153 421.3850301021861 644.7442590417631 470.0655381015843 562.7533600474999 511.5065710363712 538.1448252007249 462.8268362505623 drink-cans 0
154.09961301949807 619.5787848414982 59.2739159262419 602.2838482051884 75.82212217763299 511.5853747335686 170.6442355690524 528.8799764356302 wrappers 0