244 253 274 253 274 300 244 300 bottle 0
352 271 397 271 397 310 352 310 drink-cans 0
427 271 469 271 469 316 427 316 drink-cans 0
260 228 310 228 310 270 260 270 drink-cans 0
25 169 72 169 72 212 25 212 drink-cans 0
216 192 262 192 262 246 216 246 drink-cans 0
514 249 561 249 561 305 514 305 drink-cans 0
509 234 555 234 555 291 509 291 cups 0
181 109 220 109 220 159 181 159 wrappers 0
328 130 394 130 394 198 328 198 drink-cans 0
109.0981576640479 110.11397944745133 79.10205435480748 69.17737180544701 141.6702772231656 23.331000019141662 171.66634612498456 64.26752180869693 drink-cans 0
59.134781694447156 165.4780958036223 84.6493379495223 143.13871630417046 120.19542447815184 183.73629281939063 94.68094286836276 206.0755942706562 drink-cans 0