20 307 65 307 65 345 20 345 drink-cans 0
89 337 145 337 145 380 89 380 drink-cans 0
368 376 415 376 415 412 368 412 drink-cans 0
406 393 476 393 476 439 406 439 bottle 0
296 385 324 385 324 435 296 435 drink-cans 0
314 404 432 404 432 505 314 505 bottle 0
109 433 160 433 160 480 109 480 wrappers 0
180.34551389078842 297.02807720269465 204.3757956011541 313.42830449423246 170.6119488911645 362.89639291703054 146.5817671045079 346.4962870662889 bottle 0
132.69971330664703 353.9400510901873 159.10338453482836 346.74407529978623 176.6748701812321 411.21111659775295 150.27122561376018 418.4070236364611 drink-cans 0
542.1655917661701 580.9073741722314 490.0554358502268 586.9995358056424 480.5485536152264 505.69369106475307 532.6569749999908 499.60163299999795 drink-cans 0
345.56139103406167 541.6298668596037 421.44076799995673 527.1111400000048 438.95717157429317 618.635499656188 363.0778770767938 633.1539336069918 drink-cans 0