355 464 481 464 481 519 355 519 drink-packets 0
0 469 42 469 42 535 0 535 bottle 0
241 507 393 507 393 602 241 602 drink-cans 0
336 346 375 346 375 379 336 379 cups 0
188 342 257 342 257 373 188 373 drink-cans 0
527 350 621 350 621 413 527 413 bottle 0
396 360 458 360 458 394 396 394 drink-cans 0
130 344 193 344 193 393 130 393 drink-cans 0
351 372 404 372 404 420 351 420 drink-cans 0
0 355 54 355 54 405 0 405 drink-cans 0
630.2768405441748 401.00351419728867 653.2923578776536 448.57645773525235 579.6770890850894 484.18500909640466 556.6623179922317 436.6127003773498 drink-cans 0
181.29908892791718 582.7888669111022 89.64105584367644 564.4130776182376 107.30813804017089 476.3161557648285 198.96307233058906 494.6916283520887 wrappers 0