177 118 276 118 276 183 177 183 drink-packets 0
606 211 640 211 640 270 606 270 bottle 0
43 57 68 57 68 114 43 114 drink-cans 0
72 23 187 23 187 111 72 111 drink-cans 0
443 250 493 250 493 283 443 283 drink-cans 0
28 142 106 142 106 188 28 188 styrofoam 0
362 218 417 218 417 262 362 262 drink-cans 0
95 128 172 128 172 193 95 193 drink-cans 0
607 262 640 262 640 308 607 308 cups 0
534 232 600 232 600 286 534 286 drink-cans 0
350 186 430 186 430 234 350 234 drink-cans 0
434.5164769940311 126.14001559591617 529.7577891746914 102.58030326407788 562.5299170105427 235.06081278317572 467.2886751732585 258.6203118741367 bottle 0
288.20231508478173 258.5068653365495 259.1577029999462 231.9488629999836 303.1811600871879 183.80538746755803 332.2256098123762 210.36325634590577 bottle 0