586 426 623 426 623 467 586 467 drink-cans 0
498 434 559 434 559 484 498 484 drink-cans 0
225 390 276 390 276 432 225 432 drink-cans 0
158 390 233 390 233 445 158 445 bottle 0
307 424 342 424 342 478 307 478 drink-cans 0
186 418 315 418 315 533 186 533 bottle 0
454 522 510 522 510 574 454 574 wrappers 0
502.17408532807895 437.6862441590603 473.8456104802026 446.51627150437764 455.6785858888179 388.23991935611855 484.00656199999503 379.40997599999196 bottle 0
477.39677719931933 506.73068644454906 453.82353041437455 491.86177467434266 490.21691212328733 434.173680794864 513.7897231385432 449.0424095459906 drink-cans 0
81.16916036808107 471.2902285302104 130.10767769075755 492.73696732875777 96.6225686087273 569.1298647562737 47.684254954438074 547.6834739439148 drink-cans 0
214.93347132338386 635.4176289015164 145.35249523360108 598.6876805517243 181.0167740000179 531.1448029999933 250.5958391923923 567.87413425927 drink-cans 0