557 267 599 267 599 303 557 303 drink-packets 0
627 260 640 260 640 296 627 296 drink-cans 0
476 241 527 241 527 278 476 278 drink-cans 0
226 225 267 225 267 258 226 258 drink-cans 0
167 201 228 201 228 243 167 243 bottle 0
303 199 327 199 327 244 303 244 drink-cans 0
193 141 298 141 298 227 193 227 bottle 0
446 144 488 144 488 187 446 187 wrappers 0
635 143 640 143 640 187 635 187 drink-cans 0
180.44039200001862 122.38119599997617 141.0811872693739 64.39363383067291 212.7525505819358 15.746689051725795 252.11172811228607 73.73413385263711 drink-cans 0
61.59182268471341 72.66649378493643 114.86789558526652 62.62848917554167 129.6591495427856 141.13163647761462 76.38308582070749 151.16961025144906 drink-cans 0
453.0304660976981 254.57489326783167 475.67424376109557 262.96183026815004 455.5533124336216 317.2828467134799 432.9095610512013 308.8959610413301 bottle 0
438.83971867318905 218.3165609238927 462.8157402599754 207.3671075162531 484.9905462145398 255.92140805598635 461.01455606069067 266.8708101999149 drink-cans 0
418.3973980000155 158.9889779999982 399.0156657629268 112.84251940429967 475.0094312838337 80.92504994586177 494.39122567215236 127.0713476724639 drink-cans 0