371 125 470 125 470 178 371 178 drink-packets 0
607 108 640 108 640 169 607 169 drink-cans 0
489 59 602 59 602 134 489 134 drink-cans 0
113 181 163 181 163 208 113 208 drink-cans 0
538 197 640 197 640 234 538 234 styrofoam 0
200 173 253 173 253 212 200 212 drink-cans 0
474 162 549 162 549 219 474 219 drink-cans 0
8 132 71 132 71 180 8 180 drink-cans 0
195 143 275 143 275 180 195 180 drink-cans 0
140.96147146381554 186.0864276038859 51.31291358280578 132.44464450176244 125.92900939635001 7.744547630266837 215.5768812556198 61.38607441407818 bottle 0
293.1859455069207 179.76277448759075 331.0299826859409 161.7611506188807 360.8780739999929 224.50786900000222 323.0340976724983 242.5093999427707 bottle 0