184 113 312 113 312 184 184 184 drink-packets 0
608 164 640 164 640 237 608 237 bottle 0
276 46 436 46 436 160 276 160 drink-cans 0
268 264 310 264 310 302 268 302 cups 0
383 290 452 290 452 330 383 330 drink-cans 0
29 194 129 194 129 269 29 269 bottle 0
188 237 253 237 253 280 188 280 drink-cans 0
444 280 511 280 511 336 444 336 drink-cans 0
243 221 301 221 301 274 243 274 drink-cans 0
580 288 640 288 640 346 580 346 drink-cans 0
25.70870660696528 203.6471507811551 10.660840797645506 153.84854817623716 89.060876363219 130.15850845891205 104.10888731908926 179.95685217428746 drink-cans 0
491.0195014169585 96.48380674776448 577.1127665104723 128.39647758483895 546.5975799539592 210.71818236073423 460.50439383681805 178.80567036218284 wrappers 0