256 318 289 318 289 368 256 368 bottle 0
118 288 172 288 172 338 118 338 drink-packets 0
202 339 261 339 261 389 202 389 drink-cans 0
444 428 495 428 495 476 444 476 drink-cans 0
494 455 556 455 556 497 494 497 bottle 0
438 466 569 466 569 587 438 587 bottle 0
57 396 140 396 140 478 57 478 drink-cans 0
40.644082448707195 323.8003889206547 34.68615610298002 286.4625860588597 85.89432799999486 278.2919430000002 91.85242891355301 315.6295240034262 drink-cans 0
303.1110098242061 582.9835339060166 284.3165978948673 542.039841645858 353.68078102037543 510.20661600845256 372.47535580150725 551.1496681230501 drink-cans 0
266.76597999998194 460.8562839999997 297.2766506397602 459.955820422909 298.6269432584959 505.7003709424452 268.11627294715436 506.6008270781827 wrappers 0
389.74886128111393 438.43724200677633 417.49639900001057 423.9340120000111 444.1791870036832 474.9758160454969 416.43174649849243 489.4789036015823 drink-cans 0
242.73296995306737 385.28801902317684 272.07765487801225 365.55883346793956 302.13972106656 410.2673696384176 272.79516387730837 429.99639781625194 drink-cans 0