234 257 260 257 260 308 234 308 bottle 0
86 265 136 265 136 310 86 310 drink-packets 0
181 230 237 230 237 274 181 274 drink-cans 0
446 188 494 188 494 231 446 231 drink-cans 0
500 179 562 179 562 212 500 212 bottle 0
459 85 582 85 582 195 459 195 bottle 0
49 113 126 113 126 189 49 189 drink-cans 0
57.15093516279012 272.9981353135725 43.600747999953455 310.02099300002607 -7.305846094459412 291.3902643180353 6.244435952612548 254.36761137072762 drink-cans 0
390.73977428808575 88.06087942379547 363.3411700078432 126.19520656886104 298.8874689667864 79.88690883095197 326.28604322540923 41.75267541368142 drink-cans 0
275.1702617821138 112.46107378380398 306.1909910641407 119.43062978598539 295.72527658747276 166.0117500459865 264.7045529999741 159.0422109999961 wrappers 0
423.4542631688237 159.91488401990117 448.97315982321743 180.25311128243928 411.4770619999763 227.29907199999005 385.95824343196 206.96093161739225 drink-cans 0
264.7418215686048 192.21915092767392 290.86347803866374 218.22561083824496 251.28284587786766 257.9799481242498 225.16131105978275 231.97361011239434 drink-cans 0