0 381 111 381 111 459 0 459 drink-packets 0
183 310 223 310 223 347 183 347 cups 0
296 337 363 337 363 375 296 375 drink-cans 0
0 266 32 266 32 328 0 328 bottle 0
90 301 158 301 158 344 90 344 drink-cans 0
339 352 403 352 403 406 339 406 drink-cans 0
452 393 528 393 528 450 452 450 drink-cans 0
118 323 180 323 180 378 118 378 drink-cans 0
0 454.751551 159.656856 454.751551 159.656856 533.549842 0 533.549842 drink-cans 0
307.3101043222414 465.4242715638142 318.08972753889975 537.4367171140614 198.07433645670244 555.3962797425534 187.29657837313425 483.38551755465886 wrappers 0
350.468164000049 537.87920499998 378.7979355252901 469.3924361099977 590.6410527951084 556.9994827845421 562.3149954005203 625.4831182271165 bottle 0