23 120 158 120 158 182 23 182 drink-packets 0
207 271 245 271 245 305 207 305 cups 0
329 280 396 280 396 310 329 310 drink-cans 0
1 237 40 237 40 299 1 299 bottle 0
110 255 177 255 177 290 110 290 drink-cans 0
380 259 442 259 442 307 380 307 drink-cans 0
506 247 582 247 582 297 506 297 drink-cans 0
147 227 207 227 207 276 147 276 drink-cans 0
234.8589112173795 78.06388920623368 207.3884855237702 157.91829575589804 36.19479599998158 99.02617600003298 63.665454327783664 19.172162280212095 drink-cans 0
252.91691888458445 125.66845986176133 283.5462826308503 55.26239479239335 400.86397688355646 106.29967374494099 370.23505061013566 176.70537640691037 wrappers 0
639.9997490260284 88.3091615560887 650.1227676076087 165.56760375030308 443.4976957249455 192.63934052773195 433.3756049999647 115.38173199996764 bottle 0